                              id1       id2  hashLevenshtein  hashJaccard  foursJaccard  countsSimilarity  countsSimilarityNoZeros  lzjdSimilarity  sizeDiff
id1                      1.000000  0.202824         0.063660     0.072983     -0.150857         -0.003623                -0.024452        0.119410 -0.053213
id2                      0.202824  1.000000        -0.026004    -0.037843     -0.227383         -0.091244                -0.162111       -0.009517 -0.124540
hashLevenshtein          0.063660 -0.026004         1.000000     0.961203      0.107474          0.529702                 0.561874        0.477909  0.467846
hashJaccard              0.072983 -0.037843         0.961203     1.000000      0.098851          0.517604                 0.553043        0.477165  0.457668
foursJaccard            -0.150857 -0.227383         0.107474     0.098851      1.000000          0.264251                 0.396376       -0.083567  0.422847
countsSimilarity        -0.003623 -0.091244         0.529702     0.517604      0.264251          1.000000                 0.631155        0.484901  0.705959
countsSimilarityNoZeros -0.024452 -0.162111         0.561874     0.553043      0.396376          0.631155                 1.000000        0.378720  0.638414
lzjdSimilarity           0.119410 -0.009517         0.477909     0.477165     -0.083567          0.484901                 0.378720        1.000000  0.312691
sizeDiff                -0.053213 -0.124540         0.467846     0.457668      0.422847          0.705959                 0.638414        0.312691  1.000000